<?xml version="1.0"?>
<opencv_storage>
<TrainingData type_id="opencv-matrix">
  <rows>100</rows>
  <cols>2</cols>
  <dt>f</dt>
  <data>
    5.30282784e+00 1.99259186e+00 4.01059437e+00 8.14385033e+00
    4.37132978e+00 2.48789692e+00 7.73105049e+00 7.62093735e+00
    3.07794476e+00 7.02431679e+00 4.78447199e+00 7.92190027e+00
    8.58431339e-01 7.50602722e-01 1.63423395e+00 2.99779224e+00
    9.05653954e+00 7.09685802e+00 1.49712515e+00 7.65439939e+00
    1.24281406e+00 3.72858047e-02 5.51513577e+00 9.98199272e+00
    1.58992147e+00 1.61178064e+00 3.81893158e-01 4.25861311e+00
    8.46127605e+00 8.87604523e+00 2.64712381e+00 2.70783043e+00
    9.52666378e+00 6.75131321e+00 8.10216331e+00 1.83960199e+00
    9.44561958e-01 8.15903282e+00 5.24517679e+00 3.80838847e+00
    4.11994743e+00 2.55535340e+00 9.44895935e+00 9.00123501e+00
    4.57891560e+00 8.41306973e+00 2.80300117e+00 3.85435700e+00
    4.51901484e+00 8.75433540e+00 1.59415054e+00 6.49286604e+00
    4.25456905e+00 6.79950428e+00 3.49529433e+00 6.00716686e+00
    2.77864671e+00 6.49820232e+00 4.35758686e+00 7.87622690e+00
    3.03897595e+00 7.75800705e-01 6.35895920e+00 6.67349339e+00
    7.47753525e+00 3.26118803e+00 3.74476409e+00 5.40649414e+00
    3.51401806e-01 3.13524365e+00 8.15993881e+00 6.69869995e+00
    6.46549320e+00 9.30201054e-01 8.06879044e+00 8.18402576e+00
    8.70309830e+00 1.58438206e-01 8.21762562e+00 2.73414326e+00
    7.42869377e+00 8.78336906e+00 2.53197646e+00 2.10547471e+00
    4.70446205e+00 1.85035253e+00 6.01766872e+00 5.50455189e+00
    5.23632431e+00 2.11950588e+00 7.78889704e+00 1.65157318e-02
    4.14189243e+00 7.78173447e+00 3.33207703e+00 7.98737526e+00
    8.94289589e+00 8.48279572e+00 9.35450554e+00 4.66717339e+00
    8.44437599e+00 3.78595352e-01 7.24755144e+00 5.58155251e+00
    8.59186268e+00 1.38633776e+00 5.45069408e+00 8.32909870e+00
    1.73552489e+00 1.03459883e+00 2.67848873e+00 1.27656674e+00
    2.24333668e+00 5.27021599e+00 6.26571751e+00 3.60087729e+00
    4.69014835e+00 6.17602539e+00 9.89088345e+00 1.03720951e+00
    6.91574478e+00 5.62357998e+00 6.36207008e+00 5.40514898e+00
    7.47364187e+00 5.15043354e+00 3.94086361e-01 2.01493239e+00
    7.23406792e-01 4.44393587e+00 7.30131912e+00 5.91659832e+00
    3.21941328e+00 5.77444172e+00 5.99262905e+00 1.38536358e+00
    5.82700062e+00 2.25324774e+00 9.02735710e+00 4.48107767e+00
    6.98389864e+00 5.18416739e+00 6.22275639e+00 6.70035172e+00
    1.80385852e+00 7.67609406e+00 4.80919981e+00 1.47769880e+00
    8.77370358e-01 7.95126867e+00 7.60090971e+00 8.90463352e+00
    7.91738605e+00 2.80121660e+00 6.76403046e-02 4.47792244e+00
    2.53793502e+00 9.76753044e+00 6.13940716e+00 4.43724108e+00
    6.07921362e+00 3.41604137e+00 8.00447655e+00 2.96570301e+00
    6.47456169e-01 3.86268854e+00 9.30645180e+00 6.25807714e+00
    5.53348923e+00 1.86668968e+00 7.33614445e-01 9.16942596e-01
    8.54617500e+00 6.08885431e+00 8.10280037e+00 8.33033752e+00
    4.43050909e+00 8.24801540e+00 5.26059818e+00 4.89724779e+00
    7.26796055e+00 3.90065002e+00 3.16287518e+00 2.38183498e+00
    9.05064011e+00 4.03683662e-01 3.33171344e+00 3.77356672e+00
    9.26997471e+00 6.54156399e+00 5.95060492e+00 3.09310842e+00
    9.45242310e+00 2.69912243e-01 7.46292019e+00 6.15750217e+00
    7.83809662e-01 9.75284576e+00 6.88152599e+00 9.83129501e+00</data></TrainingData>
<Labels type_id="opencv-matrix">
  <rows>100</rows>
  <cols>1</cols>
  <dt>i</dt>
  <data>
    1 0 0 1 1 1 1 0 1 1 1 1 1 0 0 0 0 0 1 0 0 0 1 0 0 1 0 1 1 1 0 1 1 0
    0 1 0 0 1 1 0 1 0 1 1 1 0 1 0 0 0 1 0 1 1 1 0 1 1 1 0 1 0 1 0 1 0 1
    1 0 0 1 1 0 1 1 1 1 0 1 0 0 1 1 0 1 0 1 1 1 1 1 0 1 0 1 1 1 0 0</data></Labels>
</opencv_storage>
